---
build/assets/img/cinema/bghome.png: 2018-05-24 09:40:54.907349119 +00:00
build/assets/img/cinema/cssowl-code.png: 2018-05-24 09:40:41.759581990 +00:00
build/assets/img/cinema/bgsites.png: 2018-05-24 09:40:53.783369026 +00:00
build/assets/img/favicon.png: 2018-05-24 09:40:39.399623789 +00:00
build/assets/img/site/sprite.png: 2018-05-24 09:40:43.767546426 +00:00
build/assets/img/site/sprite@2x.png: 2018-05-24 09:40:55.471339129 +00:00
build/assets/img/site/bg.gif: 2018-05-24 09:40:24.019896178 +00:00
build/assets/img/site/bgdark.gif: 2018-05-24 09:40:24.119894407 +00:00
build/assets/img/site/transbg.gif: 2018-05-24 09:40:23.919897949 +00:00
build/apple-touch-icon-152x152-precomposed.png: 2018-05-24 09:40:46.971489679 +00:00
build/apple-touch-icon-144x144-precomposed.png: 2018-05-24 09:40:36.063682873 +00:00
build/apple-touch-icon-120x120-precomposed.png: 2018-05-24 09:40:52.175397507 +00:00
build/apple-touch-icon-114x114-precomposed.png: 2018-05-24 09:40:50.555426201 +00:00
build/apple-touch-icon-76x76-precomposed.png: 2018-05-24 09:40:37.367659778 +00:00
build/apple-touch-icon-72x72-precomposed.png: 2018-05-24 09:40:52.651389077 +00:00
build/apple-touch-icon-60x60-precomposed.png: 2018-05-24 09:40:51.871402891 +00:00
build/apple-touch-icon-57x57-precomposed.png: 2018-05-24 09:40:50.903420037 +00:00
build/apple-touch-icon-precomposed.png: 2018-05-24 09:40:49.523444479 +00:00
build/favicon-196x196.png: 2018-05-24 09:40:49.251449297 +00:00
build/apple-touch-icon.png: 2018-05-24 09:40:52.247396232 +00:00
build/favicon-160x160.png: 2018-05-24 09:40:51.859403104 +00:00
build/favicon-32x32.png: 2018-05-24 09:40:45.467516317 +00:00
build/favicon-96x96.png: 2018-05-24 09:40:50.223432081 +00:00
build/favicon.png: 2018-05-24 09:40:52.495391839 +00:00
build/mstile-70x70.png: 2018-05-24 09:40:52.571390493 +00:00
build/favicon-16x16.png: 2018-05-24 09:40:52.735387589 +00:00
build/mstile-144x144.png: 2018-05-24 09:40:51.075416990 +00:00
build/mstile-310x310.png: 2018-05-24 09:40:50.939419399 +00:00
build/mstile-150x150.png: 2018-05-24 09:40:51.171415290 +00:00
build/mstile-310x150.png: 2018-05-24 09:40:49.891437961 +00:00
